Exported open square available locations from map

_____ Legend _____
[initial robot direction] [initial right wall open]
[location] [available directions]
...

-----

[1] [0]
[2 2] [1 1 0 0]
[2 3] [1 0 1 0]
[2 4] [1 0 1 0]
[2 5] [1 0 1 0]
[2 6] [1 0 1 0]
[2 7] [1 0 1 0]
[2 8] [1 0 1 0]
[2 9] [1 0 1 0]
[2 10] [1 0 1 0]
[2 11] [1 0 1 0]
[2 12] [1 0 1 0]
[2 13] [1 0 1 0]
[2 14] [1 0 1 0]
[2 15] [1 0 1 0]
[2 16] [1 0 1 0]
[2 17] [1 0 1 0]
[2 18] [1 1 1 0]
[2 19] [1 0 1 0]
[2 20] [1 0 1 0]
[2 21] [1 0 1 0]
[2 22] [1 1 1 0]
[2 23] [1 0 1 0]
[2 24] [1 1 1 0]
[2 25] [1 0 1 0]
[2 26] [1 1 1 0]
[2 27] [1 0 1 0]
[2 28] [1 1 1 0]
[2 29] [1 0 1 0]
[2 30] [0 1 1 0]
[3 2] [0 1 0 1]
[3 18] [0 1 0 1]
[3 22] [0 1 0 1]
[3 24] [0 1 0 1]
[3 26] [0 0 0 1]
[3 28] [0 0 0 1]
[3 30] [1 1 0 1]
[3 31] [1 0 1 0]
[3 32] [0 1 1 0]
[4 2] [1 1 0 1]
[4 3] [1 0 1 0]
[4 4] [1 1 1 0]
[4 5] [1 0 1 0]
[4 6] [1 0 1 0]
[4 7] [1 0 1 0]
[4 8] [1 0 1 0]
[4 9] [1 0 1 0]
[4 10] [1 0 1 0]
[4 11] [0 1 1 0]
[4 13] [1 0 0 0]
[4 14] [1 0 1 0]
[4 15] [0 1 1 0]
[4 18] [1 0 0 1]
[4 19] [1 0 1 0]
[4 20] [0 1 1 0]
[4 22] [0 1 0 1]
[4 24] [0 1 0 1]
[4 30] [0 1 0 1]
[4 32] [0 1 0 1]
[5 2] [0 1 0 1]
[5 4] [0 1 0 1]
[5 11] [0 1 0 1]
[5 15] [1 1 0 1]
[5 16] [0 0 1 0]
[5 20] [0 1 0 1]
[5 22] [0 1 0 1]
[5 24] [1 0 0 1]
[5 25] [0 1 1 0]
[5 28] [1 1 0 0]
[5 29] [1 0 1 0]
[5 30] [0 1 1 1]
[5 32] [0 1 0 1]
[6 2] [1 1 0 1]
[6 3] [1 0 1 0]
[6 4] [1 0 1 1]
[6 5] [1 0 1 0]
[6 6] [1 0 1 0]
[6 7] [1 1 1 0]
[6 8] [1 0 1 0]
[6 9] [0 1 1 0]
[6 11] [1 0 0 1]
[6 12] [1 0 1 0]
[6 13] [0 1 1 0]
[6 15] [0 1 0 1]
[6 18] [1 1 0 0]
[6 19] [1 0 1 0]
[6 20] [0 0 1 1]
[6 22] [0 0 0 1]
[6 25] [1 0 0 1]
[6 26] [1 1 1 0]
[6 27] [1 0 1 0]
[6 28] [0 0 1 1]
[6 30] [1 0 0 1]
[6 31] [1 0 1 0]
[6 32] [0 1 1 1]
[7 2] [0 1 0 1]
[7 7] [0 1 0 1]
[7 9] [0 1 0 1]
[7 13] [0 1 0 1]
[7 15] [1 0 0 1]
[7 16] [0 1 1 0]
[7 18] [0 1 0 1]
[7 26] [0 1 0 1]
[7 32] [0 1 0 1]
[8 2] [1 1 0 1]
[8 3] [0 0 1 0]
[8 5] [1 1 0 0]
[8 6] [1 0 1 0]
[8 7] [0 0 1 1]
[8 9] [1 1 0 1]
[8 10] [1 0 1 0]
[8 11] [1 0 1 0]
[8 12] [1 0 1 0]
[8 13] [0 1 1 1]
[8 16] [0 1 0 1]
[8 18] [1 0 0 1]
[8 19] [1 0 1 0]
[8 20] [1 0 1 0]
[8 21] [1 0 1 0]
[8 22] [1 1 1 0]
[8 23] [1 0 1 0]
[8 24] [1 0 1 0]
[8 25] [1 0 1 0]
[8 26] [1 0 1 1]
[8 27] [1 0 1 0]
[8 28] [0 1 1 0]
[8 30] [1 1 0 0]
[8 31] [1 0 1 0]
[8 32] [0 1 1 1]
[9 2] [0 1 0 1]
[9 5] [0 1 0 1]
[9 9] [0 1 0 1]
[9 13] [0 1 0 1]
[9 16] [0 1 0 1]
[9 22] [0 1 0 1]
[9 28] [0 1 0 1]
[9 30] [0 1 0 1]
[9 32] [0 1 0 1]
[10 2] [1 1 0 1]
[10 3] [0 0 1 0]
[10 5] [1 1 0 1]
[10 6] [1 0 1 0]
[10 7] [1 0 1 0]
[10 8] [1 0 1 0]
[10 9] [0 1 1 1]
[10 11] [1 0 0 0]
[10 12] [1 0 1 0]
[10 13] [1 0 1 1]
[10 14] [0 1 1 0]
[10 16] [1 1 0 1]
[10 17] [1 0 1 0]
[10 18] [1 1 1 0]
[10 19] [1 0 1 0]
[10 20] [0 0 1 0]
[10 22] [1 0 0 1]
[10 23] [1 0 1 0]
[10 24] [1 0 1 0]
[10 25] [1 0 1 0]
[10 26] [0 1 1 0]
[10 28] [1 0 0 1]
[10 29] [1 0 1 0]
[10 30] [0 0 1 1]
[10 32] [0 1 0 1]
[11 2] [0 1 0 1]
[11 5] [0 1 0 1]
[11 9] [0 1 0 1]
[11 14] [1 1 0 1]
[11 15] [1 0 1 0]
[11 16] [0 0 1 1]
[11 18] [0 1 0 1]
[11 26] [0 1 0 1]
[11 32] [0 1 0 1]
[12 2] [0 1 0 1]
[12 5] [1 1 0 1]
[12 6] [1 0 1 0]
[12 7] [0 0 1 0]
[12 9] [1 0 0 1]
[12 10] [1 0 1 0]
[12 11] [0 1 1 0]
[12 13] [1 0 0 0]
[12 14] [0 1 1 1]
[12 18] [1 0 0 1]
[12 19] [1 0 1 0]
[12 20] [1 1 1 0]
[12 21] [1 0 1 0]
[12 22] [0 0 1 0]
[12 24] [1 1 0 0]
[12 25] [1 0 1 0]
[12 26] [0 0 1 1]
[12 28] [1 0 0 0]
[12 29] [1 0 1 0]
[12 30] [1 0 1 0]
[12 31] [1 0 1 0]
[12 32] [0 1 1 1]
[13 2] [0 1 0 1]
[13 4] [1 0 0 0]
[13 5] [0 1 1 1]
[13 11] [0 1 0 1]
[13 14] [1 0 0 1]
[13 15] [1 0 1 0]
[13 16] [0 1 1 0]
[13 20] [0 1 0 1]
[13 24] [0 1 0 1]
[13 32] [0 1 0 1]
[14 2] [0 1 0 1]
[14 5] [0 1 0 1]
[14 7] [0 1 0 0]
[14 9] [0 1 0 0]
[14 11] [0 1 0 1]
[14 16] [1 0 0 1]
[14 17] [1 0 1 0]
[14 18] [1 0 1 0]
[14 19] [1 1 1 0]
[14 20] [0 0 1 1]
[14 22] [0 1 0 0]
[14 24] [1 0 0 1]
[14 25] [1 0 1 0]
[14 26] [1 0 1 0]
[14 27] [1 0 1 0]
[14 28] [1 0 1 0]
[14 29] [1 0 1 0]
[14 30] [0 1 1 0]
[14 32] [0 1 0 1]
[15 2] [0 1 0 1]
[15 4] [1 1 0 0]
[15 5] [1 0 1 1]
[15 6] [1 0 1 0]
[15 7] [1 1 1 1]
[15 8] [1 0 1 0]
[15 9] [0 0 1 1]
[15 11] [1 0 0 1]
[15 12] [1 0 1 0]
[15 13] [1 0 1 0]
[15 14] [0 0 1 0]
[15 19] [0 1 0 1]
[15 22] [0 1 0 1]
[15 30] [0 1 0 1]
[15 32] [0 1 0 1]
[16 2] [1 1 0 1]
[16 3] [1 0 1 0]
[16 4] [0 1 1 1]
[16 7] [0 1 0 1]
[16 16] [1 1 0 0]
[16 17] [0 0 1 0]
[16 19] [0 1 0 1]
[16 21] [1 1 0 0]
[16 22] [0 0 1 1]
[16 24] [1 1 0 0]
[16 25] [1 0 1 0]
[16 26] [1 0 1 0]
[16 27] [1 0 1 0]
[16 28] [0 1 1 0]
[16 30] [1 0 0 1]
[16 31] [1 0 1 0]
[16 32] [0 1 1 1]
[17 2] [0 1 0 1]
[17 4] [1 1 0 1]
[17 5] [1 0 1 0]
[17 6] [1 0 1 0]
[17 7] [1 1 1 1]
[17 8] [1 0 1 0]
[17 9] [1 0 1 0]
[17 10] [1 1 1 0]
[17 11] [1 0 1 0]
[17 12] [0 1 1 0]
[17 14] [0 1 0 0]
[17 16] [0 0 0 1]
[17 18] [1 0 0 0]
[17 19] [0 1 1 1]
[17 21] [0 1 0 1]
[17 24] [0 1 0 1]
[17 28] [0 1 0 1]
[17 32] [0 1 0 1]
[18 2] [1 1 0 1]
[18 3] [1 0 1 0]
[18 4] [0 1 1 1]
[18 7] [0 1 0 1]
[18 10] [0 1 0 1]
[18 12] [0 1 0 1]
[18 14] [0 1 0 1]
[18 19] [0 1 0 1]
[18 21] [1 0 0 1]
[18 22] [1 0 1 0]
[18 23] [1 0 1 0]
[18 24] [1 0 1 1]
[18 25] [1 0 1 0]
[18 26] [1 0 1 0]
[18 27] [1 0 1 0]
[18 28] [1 1 1 1]
[18 29] [1 0 1 0]
[18 30] [0 1 1 0]
[18 32] [0 1 0 1]
[19 2] [0 1 0 1]
[19 4] [1 0 0 1]
[19 5] [1 0 1 0]
[19 6] [1 1 1 0]
[19 7] [0 0 1 1]
[19 10] [0 1 0 1]
[19 12] [0 1 0 1]
[19 14] [1 1 0 1]
[19 15] [1 0 1 0]
[19 16] [1 0 1 0]
[19 17] [1 1 1 0]
[19 18] [1 0 1 0]
[19 19] [0 0 1 1]
[19 28] [0 1 0 1]
[19 30] [0 1 0 1]
[19 32] [0 1 0 1]
[20 2] [0 1 0 1]
[20 6] [0 1 0 1]
[20 10] [1 0 0 1]
[20 11] [1 1 1 0]
[20 12] [0 0 1 1]
[20 14] [0 1 0 1]
[20 17] [0 1 0 1]
[20 21] [1 1 0 0]
[20 22] [1 0 1 0]
[20 23] [0 1 1 0]
[20 25] [1 1 0 0]
[20 26] [1 0 1 0]
[20 27] [1 0 1 0]
[20 28] [0 0 1 1]
[20 30] [1 0 0 1]
[20 31] [1 0 1 0]
[20 32] [0 1 1 1]
[21 2] [0 1 0 1]
[21 4] [1 0 0 0]
[21 5] [1 0 1 0]
[21 6] [0 1 1 1]
[21 11] [0 1 0 1]
[21 14] [1 1 0 1]
[21 15] [1 0 1 0]
[21 16] [1 0 1 0]
[21 17] [0 0 1 1]
[21 19] [1 1 0 0]
[21 20] [1 0 1 0]
[21 21] [0 0 1 1]
[21 23] [0 1 0 1]
[21 25] [0 1 0 1]
[21 32] [0 1 0 1]
[22 2] [0 1 0 1]
[22 6] [1 1 0 1]
[22 7] [1 0 1 0]
[22 8] [0 1 1 0]
[22 10] [1 0 0 0]
[22 11] [0 1 1 1]
[22 13] [1 1 0 0]
[22 14] [0 0 1 1]
[22 19] [0 1 0 1]
[22 23] [0 1 0 1]
[22 25] [1 1 0 1]
[22 26] [1 0 1 0]
[22 27] [1 0 1 0]
[22 28] [1 0 1 0]
[22 29] [1 0 1 0]
[22 30] [1 0 1 0]
[22 31] [1 0 1 0]
[22 32] [0 1 1 1]
[23 2] [0 1 0 1]
[23 4] [1 1 0 0]
[23 5] [1 0 1 0]
[23 6] [0 0 1 1]
[23 8] [0 1 0 1]
[23 11] [0 1 0 1]
[23 13] [0 1 0 1]
[23 16] [1 0 0 0]
[23 17] [1 0 1 0]
[23 18] [1 0 1 0]
[23 19] [1 0 1 1]
[23 20] [1 0 1 0]
[23 21] [0 1 1 0]
[23 23] [1 0 0 1]
[23 24] [1 0 1 0]
[23 25] [0 1 1 1]
[23 32] [0 1 0 1]
[24 2] [0 1 0 1]
[24 4] [0 1 0 1]
[24 8] [0 1 0 1]
[24 11] [1 0 0 1]
[24 12] [1 0 1 0]
[24 13] [0 0 1 1]
[24 21] [0 1 0 1]
[24 25] [1 0 0 1]
[24 26] [1 1 1 0]
[24 27] [1 0 1 0]
[24 28] [1 0 1 0]
[24 29] [1 0 1 0]
[24 30] [1 0 1 0]
[24 31] [1 0 1 0]
[24 32] [0 1 1 1]
[25 2] [0 1 0 1]
[25 4] [1 0 0 1]
[25 5] [1 0 1 0]
[25 6] [1 0 1 0]
[25 7] [1 0 1 0]
[25 8] [1 0 1 1]
[25 9] [0 0 1 0]
[25 16] [1 1 0 0]
[25 17] [1 0 1 0]
[25 18] [0 1 1 0]
[25 20] [1 0 0 0]
[25 21] [0 1 1 1]
[25 26] [0 1 0 1]
[25 32] [0 1 0 1]
[26 2] [0 1 0 1]
[26 11] [1 0 0 0]
[26 12] [1 0 1 0]
[26 13] [1 0 1 0]
[26 14] [1 0 1 0]
[26 15] [1 0 1 0]
[26 16] [0 1 1 1]
[26 18] [0 1 0 1]
[26 21] [1 1 0 1]
[26 22] [1 0 1 0]
[26 23] [1 0 1 0]
[26 24] [0 0 1 0]
[26 26] [1 0 0 1]
[26 27] [1 0 1 0]
[26 28] [0 1 1 0]
[26 30] [0 1 0 0]
[26 32] [0 1 0 1]
[27 2] [0 1 0 1]
[27 4] [1 1 0 0]
[27 5] [1 0 1 0]
[27 6] [1 0 1 0]
[27 7] [1 0 1 0]
[27 8] [1 0 1 0]
[27 9] [0 1 1 0]
[27 16] [1 0 0 1]
[27 17] [1 0 1 0]
[27 18] [0 1 1 1]
[27 20] [1 1 0 0]
[27 21] [0 0 1 1]
[27 28] [0 1 0 1]
[27 30] [0 1 0 1]
[27 32] [0 1 0 1]
[28 2] [0 1 0 1]
[28 4] [0 1 0 1]
[28 9] [0 1 0 1]
[28 11] [1 0 0 0]
[28 12] [1 0 1 0]
[28 13] [1 0 1 0]
[28 14] [0 1 1 0]
[28 18] [1 0 0 1]
[28 19] [1 0 1 0]
[28 20] [0 1 1 1]
[28 24] [0 1 0 0]
[28 26] [0 1 0 0]
[28 28] [1 0 0 1]
[28 29] [1 0 1 0]
[28 30] [0 1 1 1]
[28 32] [0 1 0 1]
[29 2] [1 1 0 1]
[29 3] [1 0 1 0]
[29 4] [1 0 1 1]
[29 5] [1 0 1 0]
[29 6] [1 0 1 0]
[29 7] [0 1 1 0]
[29 9] [0 1 0 1]
[29 14] [0 1 0 1]
[29 16] [0 1 0 0]
[29 20] [1 1 0 1]
[29 21] [1 0 1 0]
[29 22] [0 0 1 0]
[29 24] [0 1 0 1]
[29 26] [0 1 0 1]
[29 30] [0 1 0 1]
[29 32] [0 1 0 1]
[30 2] [0 1 0 1]
[30 7] [1 0 0 1]
[30 8] [1 0 1 0]
[30 9] [0 1 1 1]
[30 11] [1 0 0 0]
[30 12] [0 1 1 0]
[30 14] [0 1 0 1]
[30 16] [0 1 0 1]
[30 18] [1 1 0 0]
[30 19] [1 0 1 0]
[30 20] [0 1 1 1]
[30 24] [1 0 0 1]
[30 25] [1 0 1 0]
[30 26] [1 0 1 1]
[30 27] [1 0 1 0]
[30 28] [0 1 1 0]
[30 30] [1 1 0 1]
[30 31] [1 0 1 0]
[30 32] [0 0 1 1]
[31 2] [1 1 0 1]
[31 3] [1 0 1 0]
[31 4] [0 1 1 0]
[31 9] [0 1 0 1]
[31 12] [0 1 0 1]
[31 14] [0 1 0 1]
[31 16] [0 1 0 1]
[31 18] [0 1 0 1]
[31 20] [1 0 0 1]
[31 21] [1 0 1 0]
[31 22] [0 1 1 0]
[31 28] [0 1 0 1]
[31 30] [0 1 0 1]
[32 2] [0 0 0 1]
[32 4] [1 0 0 1]
[32 5] [1 0 1 0]
[32 6] [1 0 1 0]
[32 7] [1 0 1 0]
[32 8] [1 0 1 0]
[32 9] [1 0 1 1]
[32 10] [1 0 1 0]
[32 11] [1 0 1 0]
[32 12] [1 0 1 1]
[32 13] [1 0 1 0]
[32 14] [1 0 1 1]
[32 15] [1 0 1 0]
[32 16] [1 0 1 1]
[32 17] [1 0 1 0]
[32 18] [0 0 1 1]
[32 22] [1 0 0 1]
[32 23] [1 0 1 0]
[32 24] [1 0 1 0]
[32 25] [1 0 1 0]
[32 26] [1 0 1 0]
[32 27] [1 0 1 0]
[32 28] [1 0 1 1]
[32 29] [1 0 1 0]
[32 30] [1 0 1 1]
[32 31] [1 0 1 0]
[32 32] [0 0 1 0]
