Exported commands from node class

_____ Legend _____
[AN] [location] [open directions] - add node
[AS] [location] - add to stack
[RS] - remove from stack
[RN] [location] - remove node
[RD] [direction] [location] - remove direction from node

Note: RN and RD are only called when on the node, not randomly

[AN] [7  4] [0  0  0  0]
[AN] [7  2] [0  0  0  0]
[AN] [9  2] [0  0  0  0]
[AN] [9  4] [0  0  0  0]
[AN] [11   4] [0  0  0  0]
[AN] [11   2] [0  0  0  0]
[AN] [13   2] [0  0  0  0]
[AN] [13   4] [0  0  0  0]
[AN] [15   4] [0  0  0  0]
[AN] [15   2] [0  0  0  0]
[AN] [21   2] [0  0  0  0]
[AN] [21   4] [0  0  0  1]
[AN] [21   6] [0  0  0  0]
[AN] [18   6] [0  0  0  0]
[AN] [18   8] [0  1  0  0]
[AN] [18  10] [0  0  0  0]
[AN] [20  10] [0  0  0  0]
[AN] [20  11] [0  0  0  0]
[AN] [21  11] [0  0  0  0]
[AN] [21  17] [0  0  0  0]
[AN] [18  17] [0  0  0  0]
[AN] [18  15] [0  0  0  0]
[AN] [19  15] [0  0  0  0]
[AN] [19  13] [0  0  0  0]
[AN] [18  13] [0  0  0  0]
[AN] [18  12] [0  0  0  0]
[AN] [16  12] [1  0  0  0]
[AN] [16   6] [0  0  0  0]
[AN] [7  6] [0  0  0  0]
[AN] [7  8] [0  0  0  0]
[AN] [9  8] [1  0  0  0]
[AN] [11   8] [0  0  0  0]
[AN] [11   9] [0  1  0  0]
[AN] [11  10] [0  0  0  1]
[AN] [11  12] [0  0  0  1]
[RD] [4] [11  12]
[AN] [9  12] [0  0  1  0]
[AN] [9  15] [0  0  0  0]
[AN] [12  15] [0  0  0  0]
[AN] [12  14] [0  0  0  0]
[AN] [13  14] [0  0  1  0]
[AN] [14  14] [0  0  0  0]
[AN] [14  15] [0  0  0  0]
[AN] [16  15] [0  0  0  0]
[AN] [16  17] [0  0  0  0]
[AN] [7  17] [0  0  0  0]
[AN] [7  10] [0  0  0  0]
[AN] [5  10] [0  0  0  0]
[AN] [5  3] [0  0  0  0]
[AN] [2  3] [0  0  0  0]
[AN] [2  5] [0  0  0  0]
[AN] [3  5] [0  0  0  0]
[AN] [3  7] [0  0  0  0]
[AN] [2  7] [0  0  0  0]
[AN] [2  9] [0  0  0  0]
[AN] [3  9] [0  0  0  0]
[AN] [3  11] [0  0  0  0]
[AN] [2  11] [0  0  0  0]
[AN] [2  13] [0  0  0  0]
[AN] [5  13] [1  0  0  0]
[RD] [1] [5  13]
[AN] [5  15] [0  0  0  1]
[RD] [4] [5  15]
[AN] [2  15] [0  0  0  0]
[AN] [2  18] [0  1  0  0]
[AN] [2  20] [0  1  0  0]
[AN] [2  21] [0  0  0  0]
[AN] [3  21] [0  0  0  0]
[AN] [3  20] [0  0  0  0]
[RS]
[RS]
[RS]
[RS]
[RD] [2] [2  18]
[AN] [5  18] [0  0  0  0]
[AN] [5  21] [0  0  0  0]
[AN] [7  21] [0  0  0  0]
[AN] [7  20] [0  1  0  0]
[RD] [2] [7  20]
[AN] [9  20] [1  0  0  0]
[AN] [9  19] [0  0  0  0]
[AN] [11  19] [0  0  0  0]
[AN] [11  21] [0  0  0  0]
[AN] [13  21] [0  0  0  0]
[AN] [13  19] [0  0  0  0]
[AN] [15  19] [0  0  0  0]
[AN] [15  21] [0  0  0  0]
[RN] [15  21]
[RN] [15  19]
[RN] [13  19]
[RN] [13  21]
[RN] [11  21]
[RN] [11  19]
[RN] [9  19]
[RD] [1] [9  20]
[RS]
[RS]
[RS]
[RS]
[RS]
[RS]
[RS]
[RS]
[RS]
[RS]
[RS]
[RS]
[RS]
[RS]
[RS]
[RS]
[RS]
[RS]
[RS]
[RS]
[RS]
[RS]
[RS]
[RS]
[RS]
[RS]
[RS]
[RD] [3] [13  14]
[AN] [13  11] [0  0  0  0]
[AN] [14  11] [0  0  0  0]
[AN] [14   9] [0  0  0  0]
[AN] [13   9] [0  0  1  0]
[AS] [11   9]
[RD] [2] [11   9]
[RS]
[RS]
[AS] [13   9]
[RD] [3] [13   9]
[RS]
[RS]
[RS]
[RS]
[RS]
[RS]
[RS]
[RS]
[RD] [3] [9  12]
[AN] [9  10] [0  1  0  0]
[AS] [9  8]
[RD] [1] [9  8]
[RS]
[RS]
[AS] [9  10]
[RD] [2] [9  10]
[AS] [11  10]
[RD] [4] [11  10]
[RS]
[RS]
[RS]
[RS]
[RS]
[RD] [3] [11   9]
[RS]
[RS]
[RS]
[RS]
[RS]
[RS]
[RD] [1] [16  12]
[RS]
[RS]
[RS]
[RS]
[RS]
[RS]
[RS]
[RS]
[RS]
[RS]
[RS]
[RS]
[RD] [2] [18   8]
[RS]
[RS]
[RS]
[RD] [4] [21   4]
[RS]
[RS]
[RS]
[RS]
[RS]
[RS]
[RS]
[RS]
[RS]
[RS]
[RS]
[RS]
