Exported commands from node class

_____ Legend _____
[AN] [location] [open directions] - add node
[AS] [location] - add to stack
[RS] - remove from stack
[RN] [location] - remove node
[RD] [direction] [location] - remove direction from node

Note: RN and RD are only called when on the node, not randomly

[AN] [2  32] [0  0  0  0]
[AN] [3  32] [0  0  1  0]
[AN] [6  32] [0  0  1  0]
[AN] [8  32] [0  0  1  0]
[AN] [12  32] [0  0  1  0]
[AN] [16  32] [0  0  1  0]
[AN] [20  32] [0  0  1  0]
[AN] [22  32] [0  0  1  0]
[AN] [24  32] [0  0  1  0]
[AN] [30  32] [0  0  0  0]
[AN] [30  30] [0  0  0  1]
[AN] [32  30] [0  0  1  0]
[RD] [3] [32  30]
[AN] [32  28] [0  0  0  1]
[AN] [32  22] [0  0  0  0]
[AN] [31  22] [0  0  0  0]
[AN] [31  20] [0  0  0  0]
[AN] [30  20] [0  0  1  0]
[AN] [29  20] [1  0  0  0]
[AN] [28  20] [0  0  1  0]
[AN] [27  20] [0  0  0  0]
[AN] [27  21] [0  0  0  0]
[AN] [26  21] [1  0  0  0]
[AN] [25  21] [0  0  1  0]
[AN] [23  21] [0  0  0  0]
[AN] [23  19] [0  0  0  1]
[RD] [4] [23  19]
[AN] [21  19] [0  0  0  0]
[AN] [21  21] [0  0  0  0]
[AN] [20  21] [0  0  0  0]
[AN] [20  23] [0  0  0  0]
[AN] [23  23] [0  0  0  0]
[AN] [23  25] [0  0  0  1]
[AN] [24  25] [0  0  0  0]
[AN] [24  26] [0  1  0  0]
[AS] [24  32]
[RD] [3] [24  32]
[RS]
[RS]
[AS] [24  26]
[RD] [2] [24  26]
[AN] [26  26] [0  0  0  0]
[AN] [26  28] [0  0  0  0]
[AN] [28  28] [0  0  0  0]
[AN] [28  30] [0  1  0  0]
[RD] [2] [28  30]
[AS] [30  30]
[RD] [4] [30  30]
[RS]
[RS]
[RS]
[RS]
[RS]
[RS]
[RS]
[RS]
[AS] [23  25]
[RD] [4] [23  25]
[AN] [22  25] [1  0  0  0]
[AN] [20  25] [0  0  0  0]
[AN] [20  28] [0  0  0  0]
[AN] [18  28] [1  0  1  0]
[AN] [16  28] [0  0  0  0]
[AN] [16  24] [0  0  0  0]
[AN] [18  24] [0  0  1  0]
[AS] [18  28]
[RD] [3] [18  28]
[RD] [1] [18  28]
[AN] [18  30] [0  0  0  0]
[AN] [20  30] [0  0  0  0]
[AS] [20  32]
[RD] [3] [20  32]
[RS]
[RS]
[RS]
[RS]
[RS]
[AS] [18  24]
[RD] [3] [18  24]
[AN] [18  21] [0  0  0  0]
[AN] [16  21] [0  0  0  0]
[AN] [16  22] [0  0  0  0]
[RN] [16  22]
[RN] [16  21]
[RN] [18  21]
[RS]
[RS]
[RS]
[RS]
[RS]
[RS]
[RD] [1] [22  25]
[AS] [22  32]
[RD] [3] [22  32]
[RS]
[RS]
[RS]
[RS]
[RS]
[RS]
[RS]
[RS]
[RS]
[RS]
[RS]
[AS] [25  21]
[RD] [3] [25  21]
[RS]
[RD] [1] [26  21]
[RS]
[RS]
[RS]
[RD] [3] [28  20]
[AN] [28  18] [0  0  0  0]
[AN] [27  18] [0  0  1  0]
[AN] [25  18] [0  0  0  0]
[AN] [25  16] [0  0  0  0]
[AN] [26  16] [0  0  1  0]
[AN] [27  16] [0  0  0  0]
[AS] [27  18]
[RD] [3] [27  18]
[RS]
[RS]
[RS]
[AS] [26  16]
[RD] [3] [26  16]
[RS]
[RS]
[RS]
[RS]
[RS]
[RS]
[RD] [1] [29  20]
[RS]
[RD] [3] [30  20]
[AN] [30  18] [0  0  0  0]
[AN] [32  18] [0  0  0  0]
[AN] [32  16] [0  0  0  1]
[AN] [32  14] [0  0  0  1]
[AN] [32  12] [0  0  0  1]
[AN] [32   9] [0  0  0  1]
[AN] [32   4] [0  0  0  0]
[AN] [31   4] [0  0  0  0]
[AN] [31   2] [0  1  0  0]
[AN] [29   2] [1  0  0  0]
[AN] [18   2] [1  0  0  0]
[AN] [16   2] [1  0  0  0]
[AN] [10   2] [1  0  0  0]
[AN] [8  2] [1  0  0  0]
[AN] [6  2] [1  0  0  0]
[AN] [4  2] [1  0  0  0]
[AN] [2  2] [0  0  0  0]
[AN] [2  18] [0  1  0  0]
[AN] [2  22] [0  1  0  0]
[AN] [2  24] [0  1  0  0]
[AN] [2  26] [0  1  0  0]
[AN] [2  28] [0  1  0  0]
[AN] [2  30] [0  0  0  0]
[AN] [3  30] [1  0  0  0]
[AN] [5  30] [0  0  1  0]
[AN] [6  30] [0  0  0  0]
[AS] [6  32]
[RD] [3] [6  32]
[RS]
[RS]
[RS]
[AS] [5  30]
[RD] [3] [5  30]
[AN] [5  28] [0  0  0  0]
[AN] [6  28] [0  0  0  0]
[AN] [6  26] [0  1  0  0]
[AN] [6  25] [0  0  0  0]
[AN] [5  25] [0  0  0  0]
[AN] [5  24] [0  0  0  0]
[AS] [2  24]
[RD] [2] [2  24]
[RS]
[RS]
[RS]
[RS]
[RS]
[AS] [6  26]
[RD] [2] [6  26]
[AN] [8  26] [1  0  0  0]
[AN] [8  22] [0  1  0  0]
[AN] [8  18] [0  0  0  0]
[AN] [6  18] [0  0  0  0]
[AN] [6  20] [0  0  0  0]
[AN] [4  20] [0  0  0  0]
[AN] [4  18] [0  0  0  0]
[AS] [2  18]
[RD] [2] [2  18]
[RS]
[RS]
[RS]
[RS]
[RS]
[RS]
[RS]
[AS] [8  22]
[RD] [2] [8  22]
[AN] [10  22] [0  0  0  0]
[AN] [10  26] [0  0  0  0]
[AN] [12  26] [0  0  0  0]
[AN] [12  24] [0  0  0  0]
[AN] [14  24] [0  0  0  0]
[AN] [14  30] [0  0  0  0]
[AN] [16  30] [0  0  0  0]
[AS] [16  32]
[RD] [3] [16  32]
[RS]
[RS]
[RS]
[RS]
[RS]
[RS]
[RS]
[RS]
[RS]
[RS]
[AS] [8  26]
[RD] [1] [8  26]
[AN] [8  28] [0  0  0  0]
[AN] [10  28] [0  0  0  0]
[AN] [10  30] [0  0  0  0]
[AN] [8  30] [0  0  0  0]
[AS] [8  32]
[RD] [3] [8  32]
[RS]
[RS]
[RS]
[RS]
[RS]
[RS]
[RS]
[RS]
[RS]
[RS]
[RS]
[AS] [3  30]
[RD] [1] [3  30]
[AS] [3  32]
[RD] [3] [3  32]
[RS]
[RS]
[RS]
[RS]
[AS] [2  28]
[RD] [2] [2  28]
[RS]
[RD] [2] [2  26]
[RS]
[RS]
[RD] [2] [2  22]
[RS]
[RS]
[RS]
[RD] [1] [4  2]
[AN] [4  4] [0  1  0  0]
[AN] [4  11] [0  0  0  0]
[AN] [6  11] [0  0  0  0]
[AN] [6  13] [0  0  0  0]
[AN] [8  13] [0  0  1  0]
[AN] [10  13] [0  0  1  0]
[AN] [10  14] [0  0  0  0]
[AN] [11  14] [1  0  0  0]
[AN] [12  14] [0  0  1  0]
[AN] [13  14] [0  0  0  0]
[AN] [13  16] [0  0  0  0]
[AN] [14  16] [0  0  0  0]
[AN] [14  19] [0  1  0  0]
[AN] [14  20] [0  0  0  0]
[AN] [12  20] [0  0  1  0]
[RD] [3] [12  20]
[AN] [12  18] [0  0  0  0]
[AN] [10  18] [0  0  1  0]
[RD] [3] [10  18]
[AN] [10  16] [0  0  0  1]
[AN] [11  16] [0  0  0  0]
[AS] [11  14]
[RD] [1] [11  14]
[RS]
[RS]
[RS]
[AS] [10  16]
[RD] [4] [10  16]
[AN] [7  16] [0  0  0  0]
[AN] [7  15] [0  0  0  0]
[AN] [5  15] [1  0  0  0]
[AN] [4  15] [0  0  0  0]
[RN] [4  15]
[RD] [1] [5  15]
[RS]
[RS]
[RS]
[RS]
[RS]
[RS]
[RS]
[RS]
[RD] [2] [14  19]
[AN] [17  19] [0  0  1  0]
[AN] [19  19] [0  0  0  0]
[AN] [19  17] [0  1  0  0]
[AN] [19  14] [0  0  0  1]
[AN] [21  14] [1  0  0  0]
[AN] [22  14] [0  0  0  0]
[AN] [22  13] [0  0  0  0]
[AN] [24  13] [0  0  0  0]
[AN] [24  11] [0  0  0  0]
[AN] [22  11] [0  0  1  0]
[AN] [20  11] [1  0  0  0]
[AN] [20  10] [0  0  0  0]
[AN] [17  10] [0  0  1  0]
[AN] [17  12] [0  0  0  0]
[AN] [20  12] [0  0  0  0]
[AS] [20  11]
[RD] [1] [20  11]
[RS]
[RS]
[RS]
[RS]
[AS] [17  10]
[RD] [3] [17  10]
[AN] [17   7] [0  1  0  1]
[AN] [17   4] [0  0  0  1]
[AN] [18   4] [0  0  1  0]
[AN] [19   4] [0  0  0  0]
[AN] [19   6] [0  1  0  0]
[AN] [19   7] [0  0  0  0]
[AS] [17   7]
[RD] [2] [17   7]
[RD] [4] [17   7]
[AN] [15   7] [1  0  1  0]
[RD] [3] [15   7]
[AN] [15   5] [0  0  0  1]
[AN] [15   4] [0  0  0  0]
[AN] [16   4] [0  0  1  0]
[AS] [17   4]
[RD] [4] [17   4]
[RS]
[RS]
[AS] [16   4]
[RD] [3] [16   4]
[AS] [16   2]
[RD] [1] [16   2]
[RS]
[RS]
[RS]
[RS]
[AS] [15   5]
[RD] [4] [15   5]
[AN] [13   5] [0  0  1  0]
[AN] [12   5] [1  0  0  0]
[AN] [10   5] [1  0  0  0]
[AN] [8  5] [0  0  0  0]
[AN] [8  7] [0  0  0  0]
[AN] [6  7] [0  0  1  0]
[AN] [6  9] [0  0  0  0]
[AN] [8  9] [1  0  0  0]
[AN] [10   9] [0  0  1  0]
[AN] [12   9] [0  0  0  0]
[AN] [12  11] [0  0  0  0]
[AN] [15  11] [0  0  0  0]
[RN] [15  11]
[RN] [12  11]
[RN] [12   9]
[RD] [3] [10   9]
[AS] [10   5]
[RD] [1] [10   5]
[RS]
[RS]
[RS]
[AS] [8  9]
[RD] [1] [8  9]
[AS] [8  13]
[RD] [3] [8  13]
[RS]
[RS]
[RS]
[RS]
[AS] [6  7]
[RD] [3] [6  7]
[AN] [6  4] [0  0  0  1]
[AS] [6  2]
[RD] [1] [6  2]
[RS]
[RS]
[AS] [6  4]
[RD] [4] [6  4]
[AS] [4  4]
[RD] [2] [4  4]
[RS]
[RS]
[RS]
[RS]
[RS]
[RS]
[RS]
[AS] [12   5]
[RD] [1] [12   5]
[RS]
[RD] [3] [13   5]
[RS]
[RS]
[RD] [1] [15   7]
[AN] [15   9] [0  0  0  0]
[RN] [15   9]
[RS]
[RS]
[RS]
[RD] [2] [19   6]
[AN] [21   6] [0  0  1  0]
[AN] [22   6] [1  0  0  0]
[AN] [23   6] [0  0  0  0]
[AN] [23   4] [0  0  0  0]
[AN] [25   4] [0  0  0  0]
[AN] [25   8] [0  0  0  1]
[RD] [4] [25   8]
[AN] [22   8] [0  0  0  0]
[AS] [22   6]
[RD] [1] [22   6]
[RS]
[RS]
[RS]
[RS]
[RS]
[RS]
[RS]
[RD] [4] [21   6]
[RD] [3] [21   6]
[RS]
[RS]
[RS]
[RD] [3] [18   4]
[AS] [18   2]
[RD] [1] [18   2]
[RS]
[RS]
[RS]
[RS]
[RS]
[RS]
[RS]
[RS]
[AS] [22  11]
[RD] [3] [22  11]
[RS]
[RS]
[RS]
[RS]
[RS]
[RD] [1] [21  14]
[AN] [21  17] [0  0  0  0]
[AS] [19  17]
[RD] [2] [19  17]
[RS]
[RS]
[RS]
[RS]
[AS] [19  14]
[RD] [4] [19  14]
[RS]
[RS]
[RS]
[RD] [3] [17  19]
[AN] [17  17] [0  0  0  1]
[AN] [17  16] [0  0  0  0]
[AN] [16  16] [0  0  0  0]
[AN] [16  17] [0  0  0  0]
[RS]
[RS]
[RS]
[RS]
[RS]
[RS]
[RS]
[RS]
[RS]
[RD] [3] [12  14]
[RS]
[RS]
[RS]
[RD] [3] [10  13]
[RS]
[RS]
[RS]
[RS]
[RS]
[RS]
[RS]
[RS]
[RD] [1] [8  2]
[RS]
[RD] [1] [10   2]
[RS]
[RS]
[RS]
[RD] [1] [29   2]
[AN] [29   4] [0  0  0  1]
[AN] [29   7] [0  0  0  0]
[AN] [30   7] [0  0  0  0]
[AN] [30   9] [0  0  0  1]
[AS] [32   9]
[RD] [4] [32   9]
[RS]
[RS]
[AS] [30   9]
[RD] [4] [30   9]
[AN] [27   9] [0  0  0  0]
[AN] [27   4] [0  0  0  0]
[AS] [29   4]
[RD] [4] [29   4]
[RS]
[RS]
[RS]
[RS]
[RS]
[RS]
[RS]
[RD] [3] [29   2]
[RS]
[RD] [2] [31   2]
[RS]
[RS]
[RS]
[RS]
[RD] [4] [32  12]
[AN] [30  12] [0  0  0  0]
[RN] [30  12]
[RS]
[RD] [4] [32  14]
[AN] [28  14] [0  0  0  0]
[RN] [28  14]
[RS]
[RD] [4] [32  16]
[RS]
[RS]
[RS]
[RS]
[RS]
[RS]
[RS]
[RD] [4] [32  28]
[AN] [30  28] [0  0  0  0]
[AN] [30  26] [0  0  0  1]
[AN] [30  24] [0  0  0  0]
[RN] [30  24]
[RD] [4] [30  26]
[RS]
[RS]
[RS]
[RS]
[RS]
[RS]
[RS]
[RS]
[RS]
[RS]
[RD] [3] [12  32]
[RS]
[RS]
[RS]
[RS]
[RS]
